100
0 1 32
0 2 59
0 3 52
0 4 83
0 5 70
0 6 74
0 7 79
0 8 11
0 9 97
0 10 55
0 11 37
0 12 37
0 13 7
0 14 66
0 15 32
0 16 71
0 17 3
0 18 43
0 19 80
0 20 90
0 21 13
0 22 5
0 23 79
0 24 91
0 25 38
0 26 46
0 27 49
0 28 84
0 29 27
0 30 39
0 31 76
0 32 13
0 33 42
0 34 10
0 35 6
0 36 85
0 37 63
0 38 0
0 39 94
0 40 90
0 41 76
0 42 96
0 43 34
0 44 44
0 45 5
0 46 32
0 47 61
0 48 34
0 49 83
0 50 35
0 51 80
0 52 30
0 53 29
0 54 73
0 55 5
0 56 96
0 57 16
0 58 0
0 59 23
0 60 94
0 61 30
0 62 69
0 63 34
0 64 38
0 65 2
0 66 51
0 67 21
0 68 49
0 69 49
0 70 61
0 71 73
0 72 40
0 73 4
0 74 14
0 75 31
0 76 47
0 77 63
0 78 89
0 79 95
0 80 38
0 81 71
0 82 28
0 83 54
0 84 59
0 85 29
0 86 68
0 87 66
0 88 65
0 89 55
0 90 71
0 91 23
0 92 68
0 93 37
0 94 91
0 95 6
0 96 22
0 97 47
0 98 92
0 99 52
1 2 49
1 3 54
1 4 18
1 5 25
1 6 78
1 7 85
1 8 90
1 9 13
1 10 94
1 11 13
1 12 15
1 13 57
1 14 60
1 15 45
1 16 10
1 17 4
1 18 16
1 19 31
1 20 13
1 21 0
1 22 82
1 23 32
1 24 82
1 25 3
1 26 41
1 27 89
1 28 92
1 29 77
1 30 73
1 31 7
1 32 57
1 33 8
1 34 49
1 35 97
1 36 85
1 37 1
1 38 5
1 39 1
1 40 38
1 41 87
1 42 61
1 43 67
1 44 98
1 45 82
1 46 80
1 47 20
1 48 22
1 49 59
1 50 86
1 51 62
1 52 96
1 53 57
1 54 79
1 55 19
1 56 98
1 57 5
1 58 95
1 59 7
1 60 60
1 61 42
1 62 4
1 63 54
1 64 25
1 65 95
1 66 3
1 67 92
1 68 84
1 69 84
1 70 32
1 71 27
1 72 57
1 73 27
1 74 73
1 75 31
1 76 74
1 77 90
1 78 98
1 79 34
1 80 8
1 81 85
1 82 3
1 83 3
1 84 23
1 85 10
1 86 44
1 87 72
1 88 97
1 89 93
1 90 50
1 91 72
1 92 47
1 93 53
1 94 50
1 95 55
1 96 0
1 97 7
1 98 35
1 99 22
2 3 10
2 4 85
2 5 7
2 6 35
2 7 73
2 8 25
2 9 48
2 10 80
2 11 35
2 12 81
2 13 75
2 14 8
2 15 93
2 16 23
2 17 19
2 18 6
2 19 50
2 20 86
2 21 97
2 22 16
2 23 31
2 24 58
2 25 91
2 26 24
2 27 23
2 28 60
2 29 23
2 30 43
2 31 23
2 32 41
2 33 65
2 34 12
2 35 97
2 36 68
2 37 2
2 38 11
2 39 38
2 40 9
2 41 24
2 42 12
2 43 96
2 44 25
2 45 51
2 46 100
2 47 27
2 48 79
2 49 21
2 50 62
2 51 65
2 52 63
2 53 48
2 54 40
2 55 64
2 56 33
2 57 64
2 58 77
2 59 98
2 60 75
2 61 15
2 62 27
2 63 57
2 64 33
2 65 45
2 66 8
2 67 89
2 68 42
2 69 57
2 70 19
2 71 44
2 72 97
2 73 97
2 74 35
2 75 39
2 76 43
2 77 73
2 78 34
2 79 46
2 80 13
2 81 88
2 82 15
2 83 45
2 84 80
2 85 59
2 86 64
2 87 56
2 88 81
2 89 91
2 90 60
2 91 87
2 92 72
2 93 45
2 94 84
2 95 80
2 96 58
2 97 4
2 98 74
2 99 57
3 4 10
3 5 85
3 6 84
3 7 70
3 8 89
3 9 77
3 10 11
3 11 51
3 12 36
3 13 82
3 14 14
3 15 46
3 16 75
3 17 1
3 18 78
3 19 52
3 20 11
3 21 33
3 22 38
3 23 46
3 24 0
3 25 21
3 26 66
3 27 79
3 28 6
3 29 60
3 30 32
3 31 7
3 32 41
3 33 94
3 34 29
3 35 71
3 36 1
3 37 35
3 38 47
3 39 56
3 40 53
3 41 73
3 42 61
3 43 27
3 44 63
3 45 44
3 46 12
3 47 22
3 48 18
3 49 19
3 50 61
3 51 47
3 52 17
3 53 44
3 54 2
3 55 73
3 56 98
3 57 8
3 58 24
3 59 6
3 60 51
3 61 71
3 62 68
3 63 26
3 64 75
3 65 100
3 66 2
3 67 23
3 68 2
3 69 24
3 70 27
3 71 84
3 72 1
3 73 5
3 74 46
3 75 86
3 76 6
3 77 77
3 78 8
3 79 100
3 80 95
3 81 32
3 82 74
3 83 95
3 84 63
3 85 88
3 86 30
3 87 49
3 88 86
3 89 7
3 90 13
3 91 11
3 92 14
3 93 22
3 94 95
3 95 33
3 96 8
3 97 9
3 98 16
3 99 29
4 5 62
4 6 27
4 7 2
4 8 63
4 9 9
4 10 31
4 11 38
4 12 23
4 13 58
4 14 71
4 15 71
4 16 48
4 17 27
4 18 75
4 19 70
4 20 6
4 21 35
4 22 42
4 23 40
4 24 68
4 25 90
4 26 91
4 27 40
4 28 66
4 29 35
4 30 7
4 31 23
4 32 49
4 33 40
4 34 60
4 35 38
4 36 60
4 37 68
4 38 30
4 39 72
4 40 61
4 41 73
4 42 46
4 43 15
4 44 43
4 45 29
4 46 52
4 47 80
4 48 56
4 49 42
4 50 96
4 51 26
4 52 9
4 53 79
4 54 13
4 55 71
4 56 8
4 57 0
4 58 72
4 59 16
4 60 53
4 61 60
4 62 45
4 63 52
4 64 94
4 65 42
4 66 69
4 67 63
4 68 14
4 69 17
4 70 59
4 71 52
4 72 52
4 73 3
4 74 81
4 75 89
4 76 100
4 77 70
4 78 41
4 79 66
4 80 97
4 81 96
4 82 19
4 83 99
4 84 4
4 85 17
4 86 100
4 87 56
4 88 66
4 89 49
4 90 25
4 91 18
4 92 71
4 93 29
4 94 9
4 95 22
4 96 94
4 97 82
4 98 20
4 99 39
5 6 1
5 7 59
5 8 69
5 9 42
5 10 88
5 11 75
5 12 94
5 13 6
5 14 47
5 15 97
5 16 76
5 17 2
5 18 15
5 19 22
5 20 17
5 21 66
5 22 62
5 23 61
5 24 29
5 25 82
5 26 10
5 27 70
5 28 55
5 29 100
5 30 97
5 31 3
5 32 29
5 33 54
5 34 62
5 35 37
5 36 72
5 37 61
5 38 35
5 39 9
5 40 93
5 41 73
5 42 77
5 43 72
5 44 57
5 45 83
5 46 83
5 47 30
5 48 13
5 49 81
5 50 12
5 51 18
5 52 89
5 53 1
5 54 7
5 55 57
5 56 59
5 57 51
5 58 24
5 59 37
5 60 9
5 61 85
5 62 95
5 63 11
5 64 98
5 65 68
5 66 25
5 67 54
5 68 50
5 69 87
5 70 14
5 71 89
5 72 63
5 73 26
5 74 23
5 75 60
5 76 6
5 77 18
5 78 26
5 79 82
5 80 36
5 81 94
5 82 46
5 83 68
5 84 36
5 85 69
5 86 6
5 87 13
5 88 78
5 89 88
5 90 11
5 91 25
5 92 41
5 93 18
5 94 19
5 95 80
5 96 27
5 97 54
5 98 95
5 99 50
6 7 74
6 8 83
6 9 82
6 10 95
6 11 38
6 12 63
6 13 84
6 14 61
6 15 63
6 16 2
6 17 64
6 18 51
6 19 50
6 20 71
6 21 48
6 22 22
6 23 38
6 24 14
6 25 74
6 26 98
6 27 14
6 28 57
6 29 52
6 30 11
6 31 7
6 32 2
6 33 85
6 34 90
6 35 85
6 36 38
6 37 31
6 38 11
6 39 94
6 40 85
6 41 32
6 42 87
6 43 29
6 44 42
6 45 77
6 46 68
6 47 11
6 48 1
6 49 19
6 50 84
6 51 0
6 52 15
6 53 64
6 54 87
6 55 25
6 56 70
6 57 31
6 58 8
6 59 41
6 60 12
6 61 15
6 62 99
6 63 88
6 64 85
6 65 24
6 66 90
6 67 94
6 68 76
6 69 19
6 70 98
6 71 28
6 72 27
6 73 42
6 74 25
6 75 52
6 76 93
6 77 41
6 78 94
6 79 58
6 80 15
6 81 6
6 82 83
6 83 25
6 84 88
6 85 35
6 86 8
6 87 93
6 88 24
6 89 56
6 90 43
6 91 43
6 92 66
6 93 2
6 94 95
6 95 58
6 96 1
6 97 1
6 98 71
6 99 4
7 8 41
7 9 3
7 10 24
7 11 11
7 12 0
7 13 4
7 14 23
7 15 3
7 16 53
7 17 6
7 18 61
7 19 7
7 20 27
7 21 40
7 22 17
7 23 85
7 24 25
7 25 99
7 26 74
7 27 33
7 28 6
7 29 70
7 30 35
7 31 38
7 32 66
7 33 67
7 34 58
7 35 88
7 36 47
7 37 68
7 38 14
7 39 22
7 40 81
7 41 83
7 42 47
7 43 90
7 44 7
7 45 35
7 46 9
7 47 50
7 48 86
7 49 32
7 50 42
7 51 21
7 52 31
7 53 27
7 54 88
7 55 68
7 56 74
7 57 78
7 58 45
7 59 72
7 60 11
7 61 65
7 62 75
7 63 23
7 64 11
7 65 28
7 66 48
7 67 67
7 68 88
7 69 31
7 70 35
7 71 97
7 72 59
7 73 74
7 74 99
7 75 100
7 76 71
7 77 28
7 78 83
7 79 5
7 80 88
7 81 77
7 82 75
7 83 89
7 84 6
7 85 50
7 86 7
7 87 63
7 88 90
7 89 62
7 90 36
7 91 11
7 92 56
7 93 35
7 94 97
7 95 22
7 96 35
7 97 31
7 98 39
7 99 84
8 9 88
8 10 49
8 11 59
8 12 95
8 13 52
8 14 24
8 15 17
8 16 26
8 17 5
8 18 44
8 19 74
8 20 100
8 21 20
8 22 100
8 23 50
8 24 96
8 25 10
8 26 38
8 27 19
8 28 73
8 29 80
8 30 88
8 31 96
8 32 10
8 33 22
8 34 48
8 35 17
8 36 19
8 37 74
8 38 99
8 39 38
8 40 91
8 41 44
8 42 50
8 43 43
8 44 1
8 45 12
8 46 36
8 47 19
8 48 70
8 49 22
8 50 35
8 51 100
8 52 19
8 53 9
8 54 39
8 55 54
8 56 63
8 57 45
8 58 51
8 59 77
8 60 83
8 61 55
8 62 97
8 63 11
8 64 4
8 65 47
8 66 73
8 67 27
8 68 81
8 69 100
8 70 25
8 71 44
8 72 22
8 73 96
8 74 88
8 75 11
8 76 84
8 77 13
8 78 48
8 79 37
8 80 92
8 81 86
8 82 63
8 83 62
8 84 11
8 85 28
8 86 12
8 87 78
8 88 7
8 89 14
8 90 13
8 91 12
8 92 51
8 93 88
8 94 95
8 95 82
8 96 98
8 97 45
8 98 56
8 99 27
9 10 41
9 11 37
9 12 96
9 13 77
9 14 24
9 15 11
9 16 35
9 17 7
9 18 95
9 19 20
9 20 64
9 21 98
9 22 39
9 23 18
9 24 43
9 25 94
9 26 19
9 27 1
9 28 1
9 29 69
9 30 3
9 31 14
9 32 0
9 33 15
9 34 10
9 35 2
9 36 78
9 37 22
9 38 15
9 39 16
9 40 21
9 41 91
9 42 43
9 43 97
9 44 16
9 45 100
9 46 77
9 47 37
9 48 2
9 49 95
9 50 89
9 51 24
9 52 19
9 53 99
9 54 94
9 55 37
9 56 58
9 57 81
9 58 43
9 59 83
9 60 83
9 61 90
9 62 38
9 63 59
9 64 97
9 65 96
9 66 89
9 67 65
9 68 100
9 69 77
9 70 45
9 71 100
9 72 24
9 73 87
9 74 99
9 75 24
9 76 43
9 77 64
9 78 51
9 79 66
9 80 79
9 81 92
9 82 65
9 83 62
9 84 3
9 85 77
9 86 78
9 87 26
9 88 13
9 89 71
9 90 85
9 91 26
9 92 20
9 93 84
9 94 49
9 95 66
9 96 32
9 97 17
9 98 21
9 99 22
10 11 80
10 12 25
10 13 36
10 14 46
10 15 56
10 16 72
10 17 44
10 18 2
10 19 60
10 20 28
10 21 75
10 22 62
10 23 6
10 24 100
10 25 20
10 26 47
10 27 98
10 28 24
10 29 16
10 30 96
10 31 9
10 32 64
10 33 35
10 34 12
10 35 25
10 36 48
10 37 49
10 38 85
10 39 91
10 40 89
10 41 13
10 42 15
10 43 66
10 44 31
10 45 1
10 46 55
10 47 59
10 48 52
10 49 80
10 50 64
10 51 74
10 52 34
10 53 42
10 54 14
10 55 23
10 56 94
10 57 57
10 58 53
10 59 26
10 60 27
10 61 43
10 62 52
10 63 100
10 64 21
10 65 29
10 66 53
10 67 3
10 68 19
10 69 99
10 70 98
10 71 63
10 72 33
10 73 40
10 74 66
10 75 4
10 76 73
10 77 19
10 78 35
10 79 89
10 80 44
10 81 73
10 82 61
10 83 39
10 84 65
10 85 59
10 86 12
10 87 47
10 88 13
10 89 97
10 90 12
10 91 24
10 92 89
10 93 52
10 94 83
10 95 17
10 96 24
10 97 72
10 98 3
10 99 52
11 12 61
11 13 67
11 14 51
11 15 9
11 16 56
11 17 64
11 18 86
11 19 64
11 20 40
11 21 72
11 22 31
11 23 89
11 24 18
11 25 35
11 26 100
11 27 6
11 28 43
11 29 31
11 30 74
11 31 5
11 32 43
11 33 72
11 34 21
11 35 100
11 36 92
11 37 34
11 38 45
11 39 1
11 40 27
11 41 6
11 42 94
11 43 79
11 44 87
11 45 34
11 46 89
11 47 89
11 48 79
11 49 61
11 50 49
11 51 24
11 52 84
11 53 44
11 54 90
11 55 4
11 56 82
11 57 42
11 58 66
11 59 50
11 60 94
11 61 55
11 62 84
11 63 85
11 64 92
11 65 33
11 66 59
11 67 75
11 68 63
11 69 95
11 70 79
11 71 71
11 72 92
11 73 44
11 74 96
11 75 53
11 76 28
11 77 10
11 78 55
11 79 25
11 80 80
11 81 43
11 82 38
11 83 72
11 84 19
11 85 48
11 86 32
11 87 12
11 88 96
11 89 36
11 90 78
11 91 50
11 92 45
11 93 23
11 94 77
11 95 33
11 96 92
11 97 42
11 98 67
11 99 44
12 13 55
12 14 25
12 15 94
12 16 63
12 17 84
12 18 69
12 19 18
12 20 100
12 21 54
12 22 45
12 23 23
12 24 4
12 25 95
12 26 75
12 27 99
12 28 76
12 29 14
12 30 31
12 31 43
12 32 2
12 33 85
12 34 6
12 35 70
12 36 56
12 37 19
12 38 3
12 39 24
12 40 90
12 41 55
12 42 45
12 43 87
12 44 37
12 45 56
12 46 22
12 47 50
12 48 61
12 49 87
12 50 40
12 51 35
12 52 91
12 53 63
12 54 54
12 55 53
12 56 28
12 57 33
12 58 36
12 59 15
12 60 60
12 61 76
12 62 95
12 63 70
12 64 35
12 65 85
12 66 75
12 67 90
12 68 62
12 69 61
12 70 10
12 71 53
12 72 94
12 73 79
12 74 60
12 75 54
12 76 21
12 77 56
12 78 69
12 79 97
12 80 49
12 81 35
12 82 15
12 83 91
12 84 56
12 85 13
12 86 86
12 87 37
12 88 76
12 89 23
12 90 63
12 91 22
12 92 40
12 93 54
12 94 62
12 95 34
12 96 38
12 97 46
12 98 32
12 99 1
13 14 57
13 15 36
13 16 76
13 17 98
13 18 10
13 19 74
13 20 49
13 21 88
13 22 49
13 23 71
13 24 76
13 25 49
13 26 26
13 27 47
13 28 20
13 29 90
13 30 83
13 31 8
13 32 2
13 33 46
13 34 6
13 35 29
13 36 25
13 37 18
13 38 45
13 39 49
13 40 7
13 41 75
13 42 77
13 43 6
13 44 81
13 45 67
13 46 42
13 47 99
13 48 37
13 49 80
13 50 8
13 51 4
13 52 93
13 53 89
13 54 85
13 55 52
13 56 39
13 57 55
13 58 88
13 59 90
13 60 41
13 61 44
13 62 63
13 63 36
13 64 58
13 65 51
13 66 50
13 67 72
13 68 78
13 69 25
13 70 98
13 71 46
13 72 50
13 73 71
13 74 98
13 75 41
13 76 57
13 77 17
13 78 2
13 79 56
13 80 13
13 81 83
13 82 41
13 83 42
13 84 100
13 85 8
13 86 48
13 87 24
13 88 2
13 89 75
13 90 75
13 91 16
13 92 98
13 93 25
13 94 85
13 95 37
13 96 97
13 97 65
13 98 91
13 99 54
14 15 0
14 16 77
14 17 75
14 18 1
14 19 68
14 20 69
14 21 12
14 22 79
14 23 74
14 24 19
14 25 82
14 26 87
14 27 71
14 28 20
14 29 88
14 30 70
14 31 72
14 32 38
14 33 70
14 34 84
14 35 54
14 36 28
14 37 40
14 38 81
14 39 17
14 40 98
14 41 65
14 42 99
14 43 95
14 44 84
14 45 39
14 46 94
14 47 38
14 48 91
14 49 43
14 50 61
14 51 33
14 52 21
14 53 90
14 54 74
14 55 36
14 56 11
14 57 0
14 58 50
14 59 6
14 60 88
14 61 69
14 62 92
14 63 24
14 64 90
14 65 93
14 66 78
14 67 38
14 68 68
14 69 43
14 70 12
14 71 88
14 72 10
14 73 27
14 74 76
14 75 13
14 76 86
14 77 55
14 78 40
14 79 11
14 80 54
14 81 87
14 82 11
14 83 63
14 84 60
14 85 21
14 86 52
14 87 47
14 88 70
14 89 2
14 90 55
14 91 61
14 92 24
14 93 37
14 94 17
14 95 22
14 96 99
14 97 20
14 98 62
14 99 26
15 16 90
15 17 41
15 18 21
15 19 44
15 20 94
15 21 22
15 22 55
15 23 100
15 24 1
15 25 99
15 26 25
15 27 64
15 28 69
15 29 64
15 30 90
15 31 95
15 32 82
15 33 24
15 34 62
15 35 87
15 36 86
15 37 53
15 38 40
15 39 55
15 40 23
15 41 98
15 42 24
15 43 72
15 44 78
15 45 22
15 46 20
15 47 91
15 48 65
15 49 13
15 50 66
15 51 59
15 52 17
15 53 22
15 54 85
15 55 75
15 56 31
15 57 22
15 58 0
15 59 62
15 60 71
15 61 87
15 62 96
15 63 94
15 64 57
15 65 42
15 66 36
15 67 85
15 68 65
15 69 26
15 70 38
15 71 39
15 72 77
15 73 59
15 74 73
15 75 10
15 76 77
15 77 38
15 78 9
15 79 75
15 80 80
15 81 53
15 82 4
15 83 55
15 84 67
15 85 78
15 86 14
15 87 98
15 88 49
15 89 66
15 90 100
15 91 32
15 92 48
15 93 79
15 94 59
15 95 13
15 96 80
15 97 83
15 98 4
15 99 3
16 17 51
16 18 89
16 19 0
16 20 54
16 21 15
16 22 10
16 23 77
16 24 22
16 25 70
16 26 39
16 27 22
16 28 87
16 29 24
16 30 88
16 31 73
16 32 28
16 33 81
16 34 63
16 35 41
16 36 7
16 37 95
16 38 17
16 39 6
16 40 69
16 41 37
16 42 4
16 43 80
16 44 52
16 45 52
16 46 86
16 47 43
16 48 59
16 49 100
16 50 83
16 51 56
16 52 72
16 53 92
16 54 27
16 55 16
16 56 60
16 57 32
16 58 40
16 59 97
16 60 71
16 61 78
16 62 5
16 63 77
16 64 32
16 65 6
16 66 32
16 67 12
16 68 24
16 69 22
16 70 86
16 71 78
16 72 49
16 73 41
16 74 83
16 75 14
16 76 36
16 77 49
16 78 24
16 79 25
16 80 14
16 81 44
16 82 54
16 83 62
16 84 23
16 85 39
16 86 62
16 87 34
16 88 35
16 89 36
16 90 38
16 91 98
16 92 48
16 93 39
16 94 15
16 95 1
16 96 21
16 97 34
16 98 74
16 99 11
17 18 72
17 19 31
17 20 21
17 21 88
17 22 14
17 23 45
17 24 50
17 25 5
17 26 73
17 27 96
17 28 6
17 29 87
17 30 50
17 31 27
17 32 74
17 33 8
17 34 61
17 35 41
17 36 15
17 37 72
17 38 79
17 39 33
17 40 92
17 41 31
17 42 38
17 43 64
17 44 22
17 45 61
17 46 81
17 47 9
17 48 14
17 49 9
17 50 60
17 51 90
17 52 19
17 53 37
17 54 36
17 55 33
17 56 36
17 57 34
17 58 23
17 59 41
17 60 25
17 61 100
17 62 62
17 63 48
17 64 83
17 65 37
17 66 29
17 67 86
17 68 72
17 69 20
17 70 83
17 71 10
17 72 24
17 73 35
17 74 19
17 75 5
17 76 3
17 77 56
17 78 76
17 79 91
17 80 82
17 81 38
17 82 24
17 83 29
17 84 12
17 85 2
17 86 55
17 87 37
17 88 47
17 89 2
17 90 87
17 91 55
17 92 36
17 93 77
17 94 31
17 95 49
17 96 18
17 97 94
17 98 7
17 99 44
18 19 37
18 20 9
18 21 52
18 22 74
18 23 85
18 24 5
18 25 67
18 26 59
18 27 43
18 28 81
18 29 85
18 30 29
18 31 5
18 32 51
18 33 82
18 34 16
18 35 2
18 36 65
18 37 97
18 38 5
18 39 5
18 40 35
18 41 23
18 42 62
18 43 12
18 44 89
18 45 8
18 46 13
18 47 14
18 48 30
18 49 42
18 50 72
18 51 78
18 52 60
18 53 45
18 54 76
18 55 27
18 56 0
18 57 91
18 58 56
18 59 88
18 60 14
18 61 38
18 62 59
18 63 4
18 64 22
18 65 75
18 66 19
18 67 42
18 68 5
18 69 29
18 70 100
18 71 86
18 72 44
18 73 62
18 74 82
18 75 72
18 76 96
18 77 90
18 78 32
18 79 70
18 80 56
18 81 56
18 82 96
18 83 34
18 84 84
18 85 83
18 86 0
18 87 8
18 88 95
18 89 21
18 90 21
18 91 63
18 92 60
18 93 62
18 94 65
18 95 71
18 96 19
18 97 67
18 98 7
18 99 92
19 20 13
19 21 50
19 22 31
19 23 49
19 24 68
19 25 87
19 26 37
19 27 62
19 28 72
19 29 42
19 30 85
19 31 20
19 32 67
19 33 18
19 34 65
19 35 20
19 36 7
19 37 60
19 38 87
19 39 19
19 40 97
19 41 65
19 42 39
19 43 4
19 44 38
19 45 82
19 46 77
19 47 4
19 48 18
19 49 76
19 50 9
19 51 58
19 52 28
19 53 97
19 54 52
19 55 81
19 56 79
19 57 19
19 58 44
19 59 55
19 60 47
19 61 18
19 62 20
19 63 61
19 64 70
19 65 74
19 66 3
19 67 28
19 68 10
19 69 81
19 70 19
19 71 8
19 72 75
19 73 74
19 74 30
19 75 13
19 76 14
19 77 1
19 78 2
19 79 29
19 80 86
19 81 35
19 82 77
19 83 9
19 84 66
19 85 78
19 86 18
19 87 21
19 88 71
19 89 47
19 90 17
19 91 46
19 92 88
19 93 70
19 94 4
19 95 82
19 96 25
19 97 19
19 98 90
19 99 45
20 21 89
20 22 15
20 23 33
20 24 6
20 25 16
20 26 22
20 27 50
20 28 76
20 29 46
20 30 13
20 31 42
20 32 25
20 33 24
20 34 40
20 35 21
20 36 24
20 37 77
20 38 55
20 39 29
20 40 99
20 41 35
20 42 88
20 43 49
20 44 15
20 45 96
20 46 45
20 47 11
20 48 67
20 49 46
20 50 20
20 51 85
20 52 33
20 53 53
20 54 35
20 55 41
20 56 60
20 57 78
20 58 29
20 59 11
20 60 51
20 61 56
20 62 64
20 63 5
20 64 18
20 65 94
20 66 28
20 67 26
20 68 42
20 69 3
20 70 6
20 71 42
20 72 22
20 73 50
20 74 25
20 75 34
20 76 21
20 77 26
20 78 87
20 79 43
20 80 30
20 81 27
20 82 10
20 83 20
20 84 79
20 85 22
20 86 56
20 87 21
20 88 62
20 89 1
20 90 32
20 91 57
20 92 14
20 93 65
20 94 78
20 95 15
20 96 22
20 97 91
20 98 82
20 99 92
21 22 68
21 23 61
21 24 87
21 25 12
21 26 93
21 27 9
21 28 86
21 29 0
21 30 59
21 31 89
21 32 25
21 33 59
21 34 59
21 35 90
21 36 37
21 37 85
21 38 67
21 39 88
21 40 21
21 41 48
21 42 0
21 43 96
21 44 1
21 45 58
21 46 69
21 47 43
21 48 44
21 49 74
21 50 16
21 51 53
21 52 15
21 53 60
21 54 52
21 55 60
21 56 68
21 57 10
21 58 9
21 59 58
21 60 78
21 61 35
21 62 99
21 63 49
21 64 23
21 65 40
21 66 35
21 67 34
21 68 84
21 69 73
21 70 93
21 71 98
21 72 2
21 73 34
21 74 50
21 75 48
21 76 7
21 77 63
21 78 46
21 79 59
21 80 24
21 81 40
21 82 43
21 83 58
21 84 100
21 85 57
21 86 35
21 87 7
21 88 1
21 89 46
21 90 60
21 91 22
21 92 52
21 93 81
21 94 58
21 95 30
21 96 81
21 97 26
21 98 27
21 99 78
22 23 47
22 24 72
22 25 63
22 26 12
22 27 32
22 28 74
22 29 28
22 30 41
22 31 11
22 32 41
22 33 63
22 34 32
22 35 53
22 36 32
22 37 62
22 38 14
22 39 95
22 40 91
22 41 75
22 42 14
22 43 10
22 44 35
22 45 32
22 46 77
22 47 93
22 48 79
22 49 7
22 50 48
22 51 80
22 52 15
22 53 2
22 54 59
22 55 51
22 56 96
22 57 20
22 58 42
22 59 96
22 60 88
22 61 17
22 62 8
22 63 24
22 64 44
22 65 14
22 66 44
22 67 90
22 68 72
22 69 62
22 70 36
22 71 71
22 72 72
22 73 38
22 74 71
22 75 87
22 76 20
22 77 53
22 78 28
22 79 33
22 80 91
22 81 97
22 82 6
22 83 75
22 84 55
22 85 47
22 86 30
22 87 99
22 88 11
22 89 10
22 90 94
22 91 40
22 92 41
22 93 61
22 94 3
22 95 74
22 96 16
22 97 16
22 98 76
22 99 68
23 24 85
23 25 50
23 26 36
23 27 89
23 28 39
23 29 96
23 30 34
23 31 45
23 32 47
23 33 96
23 34 90
23 35 48
23 36 89
23 37 25
23 38 31
23 39 85
23 40 17
23 41 85
23 42 41
23 43 96
23 44 25
23 45 30
23 46 56
23 47 40
23 48 1
23 49 49
23 50 33
23 51 13
23 52 9
23 53 35
23 54 26
23 55 58
23 56 97
23 57 90
23 58 92
23 59 23
23 60 61
23 61 70
23 62 82
23 63 27
23 64 64
23 65 6
23 66 38
23 67 53
23 68 25
23 69 11
23 70 83
23 71 0
23 72 40
23 73 75
23 74 30
23 75 11
23 76 22
23 77 77
23 78 21
23 79 35
23 80 75
23 81 26
23 82 22
23 83 91
23 84 47
23 85 44
23 86 9
23 87 39
23 88 53
23 89 95
23 90 64
23 91 9
23 92 98
23 93 9
23 94 40
23 95 98
23 96 39
23 97 38
23 98 2
23 99 38
24 25 95
24 26 51
24 27 53
24 28 56
24 29 32
24 30 98
24 31 86
24 32 78
24 33 66
24 34 21
24 35 35
24 36 50
24 37 41
24 38 52
24 39 100
24 40 12
24 41 22
24 42 4
24 43 42
24 44 17
24 45 59
24 46 67
24 47 10
24 48 90
24 49 0
24 50 66
24 51 42
24 52 93
24 53 36
24 54 97
24 55 8
24 56 53
24 57 72
24 58 91
24 59 92
24 60 32
24 61 6
24 62 41
24 63 78
24 64 6
24 65 66
24 66 76
24 67 68
24 68 63
24 69 51
24 70 26
24 71 22
24 72 1
24 73 50
24 74 33
24 75 48
24 76 2
24 77 54
24 78 6
24 79 71
24 80 53
24 81 72
24 82 9
24 83 100
24 84 11
24 85 7
24 86 29
24 87 23
24 88 21
24 89 81
24 90 63
24 91 47
24 92 50
24 93 60
24 94 0
24 95 98
24 96 45
24 97 69
24 98 24
24 99 43
25 26 94
25 27 23
25 28 83
25 29 92
25 30 85
25 31 74
25 32 41
25 33 43
25 34 44
25 35 88
25 36 63
25 37 4
25 38 1
25 39 48
25 40 83
25 41 4
25 42 42
25 43 18
25 44 63
25 45 98
25 46 78
25 47 23
25 48 45
25 49 90
25 50 33
25 51 82
25 52 84
25 53 48
25 54 31
25 55 94
25 56 70
25 57 29
25 58 78
25 59 74
25 60 13
25 61 28
25 62 47
25 63 96
25 64 38
25 65 81
25 66 60
25 67 7
25 68 85
25 69 84
25 70 80
25 71 0
25 72 75
25 73 30
25 74 17
25 75 27
25 76 64
25 77 33
25 78 59
25 79 28
25 80 38
25 81 90
25 82 79
25 83 81
25 84 78
25 85 10
25 86 69
25 87 39
25 88 83
25 89 47
25 90 80
25 91 71
25 92 89
25 93 92
25 94 20
25 95 21
25 96 71
25 97 64
25 98 47
25 99 26
26 27 95
26 28 70
26 29 29
26 30 46
26 31 23
26 32 7
26 33 4
26 34 44
26 35 52
26 36 4
26 37 50
26 38 74
26 39 99
26 40 96
26 41 18
26 42 22
26 43 85
26 44 11
26 45 83
26 46 80
26 47 44
26 48 22
26 49 99
26 50 42
26 51 88
26 52 64
26 53 46
26 54 0
26 55 45
26 56 6
26 57 90
26 58 49
26 59 61
26 60 33
26 61 57
26 62 96
26 63 56
26 64 15
26 65 26
26 66 34
26 67 18
26 68 42
26 69 48
26 70 90
26 71 65
26 72 93
26 73 51
26 74 70
26 75 18
26 76 2
26 77 19
26 78 6
26 79 81
26 80 54
26 81 78
26 82 81
26 83 25
26 84 58
26 85 56
26 86 93
26 87 65
26 88 7
26 89 66
26 90 52
26 91 11
26 92 11
26 93 71
26 94 52
26 95 18
26 96 61
26 97 67
26 98 70
26 99 51
27 28 11
27 29 93
27 30 13
27 31 50
27 32 67
27 33 77
27 34 13
27 35 28
27 36 91
27 37 49
27 38 62
27 39 75
27 40 32
27 41 38
27 42 18
27 43 87
27 44 88
27 45 76
27 46 96
27 47 86
27 48 57
27 49 71
27 50 87
27 51 13
27 52 84
27 53 14
27 54 45
27 55 87
27 56 53
27 57 51
27 58 16
27 59 96
27 60 6
27 61 7
27 62 43
27 63 27
27 64 60
27 65 39
27 66 63
27 67 79
27 68 36
27 69 40
27 70 42
27 71 65
27 72 72
27 73 44
27 74 64
27 75 78
27 76 62
27 77 12
27 78 89
27 79 3
27 80 4
27 81 38
27 82 75
27 83 48
27 84 83
27 85 81
27 86 6
27 87 23
27 88 68
27 89 54
27 90 71
27 91 74
27 92 98
27 93 85
27 94 61
27 95 63
27 96 38
27 97 17
27 98 86
27 99 11
28 29 76
28 30 80
28 31 40
28 32 83
28 33 75
28 34 91
28 35 84
28 36 97
28 37 41
28 38 86
28 39 39
28 40 92
28 41 87
28 42 53
28 43 99
28 44 36
28 45 7
28 46 54
28 47 99
28 48 64
28 49 28
28 50 51
28 51 46
28 52 65
28 53 82
28 54 25
28 55 73
28 56 19
28 57 42
28 58 59
28 59 41
28 60 38
28 61 75
28 62 62
28 63 54
28 64 86
28 65 90
28 66 82
28 67 37
28 68 65
28 69 94
28 70 83
28 71 74
28 72 8
28 73 71
28 74 11
28 75 50
28 76 28
28 77 46
28 78 46
28 79 74
28 80 83
28 81 64
28 82 62
28 83 26
28 84 25
28 85 29
28 86 91
28 87 91
28 88 29
28 89 5
28 90 66
28 91 32
28 92 54
28 93 55
28 94 87
28 95 56
28 96 57
28 97 53
28 98 72
28 99 28
29 30 30
29 31 33
29 32 74
29 33 46
29 34 89
29 35 5
29 36 58
29 37 53
29 38 18
29 39 52
29 40 100
29 41 77
29 42 61
29 43 80
29 44 17
29 45 90
29 46 21
29 47 80
29 48 53
29 49 42
29 50 36
29 51 17
29 52 30
29 53 64
29 54 57
29 55 87
29 56 84
29 57 29
29 58 86
29 59 91
29 60 6
29 61 44
29 62 28
29 63 91
29 64 86
29 65 28
29 66 81
29 67 23
29 68 18
29 69 78
29 70 83
29 71 21
29 72 20
29 73 62
29 74 50
29 75 39
29 76 46
29 77 6
29 78 30
29 79 39
29 80 91
29 81 56
29 82 10
29 83 10
29 84 86
29 85 76
29 86 58
29 87 94
29 88 55
29 89 95
29 90 20
29 91 19
29 92 70
29 93 25
29 94 81
29 95 25
29 96 58
29 97 69
29 98 61
29 99 24
30 31 83
30 32 81
30 33 4
30 34 41
30 35 12
30 36 64
30 37 68
30 38 24
30 39 73
30 40 80
30 41 60
30 42 3
30 43 32
30 44 14
30 45 1
30 46 2
30 47 22
30 48 90
30 49 6
30 50 73
30 51 30
30 52 37
30 53 31
30 54 98
30 55 76
30 56 64
30 57 17
30 58 70
30 59 72
30 60 16
30 61 16
30 62 48
30 63 26
30 64 66
30 65 1
30 66 50
30 67 64
30 68 3
30 69 7
30 70 67
30 71 74
30 72 33
30 73 6
30 74 7
30 75 36
30 76 13
30 77 76
30 78 17
30 79 41
30 80 35
30 81 56
30 82 16
30 83 3
30 84 26
30 85 28
30 86 78
30 87 60
30 88 70
30 89 4
30 90 96
30 91 59
30 92 53
30 93 72
30 94 29
30 95 34
30 96 39
30 97 48
30 98 43
30 99 5
31 32 88
31 33 9
31 34 22
31 35 77
31 36 66
31 37 90
31 38 33
31 39 57
31 40 80
31 41 51
31 42 82
31 43 30
31 44 97
31 45 88
31 46 22
31 47 63
31 48 43
31 49 9
31 50 92
31 51 61
31 52 73
31 53 49
31 54 31
31 55 4
31 56 84
31 57 28
31 58 70
31 59 14
31 60 54
31 61 40
31 62 22
31 63 59
31 64 57
31 65 89
31 66 92
31 67 35
31 68 61
31 69 51
31 70 84
31 71 13
31 72 91
31 73 43
31 74 1
31 75 14
31 76 93
31 77 23
31 78 47
31 79 72
31 80 55
31 81 55
31 82 64
31 83 8
31 84 27
31 85 67
31 86 20
31 87 84
31 88 14
31 89 31
31 90 4
31 91 92
31 92 43
31 93 38
31 94 73
31 95 6
31 96 82
31 97 91
31 98 71
31 99 54
32 33 1
32 34 31
32 35 31
32 36 97
32 37 21
32 38 75
32 39 91
32 40 66
32 41 74
32 42 47
32 43 6
32 44 5
32 45 54
32 46 52
32 47 99
32 48 86
32 49 8
32 50 92
32 51 48
32 52 96
32 53 65
32 54 60
32 55 74
32 56 35
32 57 37
32 58 95
32 59 81
32 60 83
32 61 23
32 62 66
32 63 2
32 64 24
32 65 33
32 66 39
32 67 39
32 68 97
32 69 68
32 70 4
32 71 25
32 72 22
32 73 35
32 74 81
32 75 19
32 76 9
32 77 5
32 78 73
32 79 91
32 80 91
32 81 58
32 82 99
32 83 19
32 84 72
32 85 80
32 86 26
32 87 34
32 88 3
32 89 100
32 90 49
32 91 35
32 92 10
32 93 23
32 94 31
32 95 15
32 96 45
32 97 39
32 98 68
32 99 94
33 34 85
33 35 8
33 36 6
33 37 12
33 38 82
33 39 61
33 40 37
33 41 90
33 42 58
33 43 26
33 44 52
33 45 21
33 46 87
33 47 61
33 48 99
33 49 98
33 50 83
33 51 42
33 52 3
33 53 97
33 54 13
33 55 50
33 56 35
33 57 67
33 58 78
33 59 52
33 60 25
33 61 73
33 62 51
33 63 50
33 64 56
33 65 47
33 66 90
33 67 98
33 68 33
33 69 39
33 70 29
33 71 4
33 72 100
33 73 27
33 74 76
33 75 31
33 76 64
33 77 50
33 78 74
33 79 26
33 80 48
33 81 16
33 82 23
33 83 17
33 84 89
33 85 23
33 86 42
33 87 22
33 88 0
33 89 9
33 90 58
33 91 42
33 92 60
33 93 6
33 94 80
33 95 21
33 96 70
33 97 91
33 98 79
33 99 74
34 35 45
34 36 12
34 37 2
34 38 13
34 39 40
34 40 96
34 41 3
34 42 34
34 43 86
34 44 19
34 45 9
34 46 49
34 47 46
34 48 36
34 49 94
34 50 51
34 51 84
34 52 94
34 53 64
34 54 89
34 55 47
34 56 5
34 57 86
34 58 63
34 59 85
34 60 81
34 61 50
34 62 69
34 63 2
34 64 72
34 65 65
34 66 32
34 67 23
34 68 70
34 69 27
34 70 73
34 71 9
34 72 10
34 73 60
34 74 55
34 75 94
34 76 27
34 77 34
34 78 85
34 79 62
34 80 68
34 81 37
34 82 30
34 83 58
34 84 32
34 85 89
34 86 18
34 87 96
34 88 27
34 89 76
34 90 67
34 91 58
34 92 27
34 93 93
34 94 40
34 95 27
34 96 88
34 97 42
34 98 75
34 99 66
35 36 74
35 37 34
35 38 89
35 39 11
35 40 37
35 41 63
35 42 20
35 43 2
35 44 29
35 45 88
35 46 38
35 47 13
35 48 27
35 49 20
35 50 7
35 51 95
35 52 71
35 53 28
35 54 18
35 55 15
35 56 58
35 57 82
35 58 40
35 59 85
35 60 4
35 61 15
35 62 42
35 63 18
35 64 41
35 65 80
35 66 2
35 67 62
35 68 39
35 69 78
35 70 37
35 71 100
35 72 52
35 73 28
35 74 89
35 75 54
35 76 85
35 77 32
35 78 44
35 79 63
35 80 87
35 81 24
35 82 4
35 83 95
35 84 73
35 85 9
35 86 15
35 87 64
35 88 61
35 89 69
35 90 81
35 91 88
35 92 93
35 93 86
35 94 5
35 95 51
35 96 37
35 97 93
35 98 15
35 99 28
36 37 6
36 38 74
36 39 0
36 40 49
36 41 22
36 42 9
36 43 63
36 44 93
36 45 83
36 46 17
36 47 61
36 48 83
36 49 92
36 50 31
36 51 90
36 52 77
36 53 59
36 54 100
36 55 35
36 56 54
36 57 40
36 58 56
36 59 69
36 60 60
36 61 100
36 62 75
36 63 12
36 64 82
36 65 48
36 66 25
36 67 90
36 68 80
36 69 21
36 70 53
36 71 50
36 72 45
36 73 42
36 74 5
36 75 7
36 76 36
36 77 41
36 78 96
36 79 58
36 80 60
36 81 65
36 82 44
36 83 48
36 84 14
36 85 73
36 86 24
36 87 49
36 88 25
36 89 38
36 90 79
36 91 40
36 92 35
36 93 35
36 94 25
36 95 38
36 96 4
36 97 17
36 98 90
36 99 8
37 38 52
37 39 70
37 40 95
37 41 84
37 42 72
37 43 73
37 44 70
37 45 14
37 46 23
37 47 43
37 48 41
37 49 97
37 50 81
37 51 19
37 52 8
37 53 91
37 54 72
37 55 39
37 56 89
37 57 14
37 58 41
37 59 64
37 60 52
37 61 61
37 62 45
37 63 13
37 64 81
37 65 92
37 66 63
37 67 52
37 68 1
37 69 62
37 70 47
37 71 29
37 72 72
37 73 42
37 74 48
37 75 93
37 76 93
37 77 20
37 78 57
37 79 21
37 80 78
37 81 64
37 82 83
37 83 61
37 84 7
37 85 16
37 86 35
37 87 13
37 88 84
37 89 79
37 90 67
37 91 88
37 92 0
37 93 96
37 94 31
37 95 14
37 96 90
37 97 95
37 98 34
37 99 15
38 39 99
38 40 63
38 41 85
38 42 24
38 43 6
38 44 12
38 45 46
38 46 86
38 47 62
38 48 67
38 49 94
38 50 98
38 51 66
38 52 27
38 53 3
38 54 16
38 55 47
38 56 26
38 57 38
38 58 18
38 59 38
38 60 33
38 61 80
38 62 88
38 63 55
38 64 64
38 65 78
38 66 44
38 67 70
38 68 50
38 69 64
38 70 10
38 71 69
38 72 98
38 73 37
38 74 98
38 75 74
38 76 67
38 77 95
38 78 55
38 79 64
38 80 96
38 81 53
38 82 37
38 83 13
38 84 32
38 85 76
38 86 14
38 87 45
38 88 61
38 89 1
38 90 66
38 91 47
38 92 52
38 93 68
38 94 64
38 95 89
38 96 10
38 97 53
38 98 23
38 99 38
39 40 45
39 41 39
39 42 69
39 43 28
39 44 3
39 45 94
39 46 87
39 47 86
39 48 39
39 49 10
39 50 77
39 51 64
39 52 61
39 53 4
39 54 96
39 55 55
39 56 41
39 57 39
39 58 18
39 59 76
39 60 55
39 61 7
39 62 88
39 63 71
39 64 89
39 65 71
39 66 60
39 67 95
39 68 27
39 69 52
39 70 44
39 71 91
39 72 46
39 73 29
39 74 29
39 75 62
39 76 60
39 77 100
39 78 65
39 79 0
39 80 96
39 81 21
39 82 20
39 83 20
39 84 27
39 85 36
39 86 94
39 87 8
39 88 0
39 89 73
39 90 65
39 91 79
39 92 59
39 93 86
39 94 44
39 95 2
39 96 20
39 97 96
39 98 51
39 99 91
40 41 62
40 42 45
40 43 58
40 44 3
40 45 56
40 46 40
40 47 93
40 48 64
40 49 93
40 50 70
40 51 64
40 52 15
40 53 67
40 54 12
40 55 0
40 56 15
40 57 41
40 58 70
40 59 75
40 60 30
40 61 92
40 62 46
40 63 75
40 64 21
40 65 66
40 66 48
40 67 69
40 68 6
40 69 69
40 70 91
40 71 43
40 72 27
40 73 27
40 74 9
40 75 67
40 76 93
40 77 36
40 78 56
40 79 37
40 80 34
40 81 61
40 82 33
40 83 78
40 84 79
40 85 24
40 86 21
40 87 68
40 88 97
40 89 66
40 90 42
40 91 72
40 92 38
40 93 71
40 94 79
40 95 80
40 96 23
40 97 29
40 98 7
40 99 46
41 42 28
41 43 1
41 44 14
41 45 98
41 46 74
41 47 27
41 48 81
41 49 78
41 50 1
41 51 1
41 52 73
41 53 29
41 54 49
41 55 96
41 56 15
41 57 32
41 58 30
41 59 13
41 60 37
41 61 28
41 62 27
41 63 56
41 64 94
41 65 24
41 66 29
41 67 91
41 68 75
41 69 17
41 70 38
41 71 85
41 72 39
41 73 64
41 74 35
41 75 39
41 76 78
41 77 63
41 78 64
41 79 30
41 80 7
41 81 21
41 82 5
41 83 62
41 84 37
41 85 12
41 86 47
41 87 84
41 88 44
41 89 96
41 90 95
41 91 79
41 92 72
41 93 35
41 94 65
41 95 64
41 96 55
41 97 77
41 98 4
41 99 17
42 43 83
42 44 43
42 45 90
42 46 23
42 47 85
42 48 17
42 49 0
42 50 4
42 51 84
42 52 99
42 53 40
42 54 21
42 55 89
42 56 56
42 57 84
42 58 14
42 59 99
42 60 6
42 61 31
42 62 46
42 63 19
42 64 57
42 65 94
42 66 52
42 67 25
42 68 33
42 69 12
42 70 4
42 71 62
42 72 27
42 73 66
42 74 40
42 75 81
42 76 53
42 77 60
42 78 17
42 79 90
42 80 18
42 81 4
42 82 54
42 83 73
42 84 40
42 85 51
42 86 29
42 87 66
42 88 13
42 89 32
42 90 81
42 91 54
42 92 26
42 93 57
42 94 92
42 95 26
42 96 93
42 97 13
42 98 85
42 99 36
43 44 48
43 45 26
43 46 87
43 47 94
43 48 73
43 49 39
43 50 99
43 51 17
43 52 78
43 53 54
43 54 45
43 55 9
43 56 99
43 57 79
43 58 6
43 59 22
43 60 96
43 61 19
43 62 58
43 63 94
43 64 18
43 65 26
43 66 11
43 67 32
43 68 40
43 69 57
43 70 84
43 71 34
43 72 87
43 73 77
43 74 73
43 75 36
43 76 83
43 77 23
43 78 100
43 79 0
43 80 52
43 81 0
43 82 59
43 83 4
43 84 2
43 85 95
43 86 53
43 87 98
43 88 88
43 89 98
43 90 96
43 91 71
43 92 0
43 93 42
43 94 55
43 95 99
43 96 50
43 97 49
43 98 81
43 99 36
44 45 45
44 46 86
44 47 78
44 48 40
44 49 87
44 50 24
44 51 37
44 52 16
44 53 9
44 54 87
44 55 92
44 56 50
44 57 97
44 58 45
44 59 60
44 60 3
44 61 74
44 62 16
44 63 87
44 64 97
44 65 30
44 66 93
44 67 73
44 68 46
44 69 68
44 70 10
44 71 73
44 72 39
44 73 20
44 74 45
44 75 20
44 76 33
44 77 65
44 78 3
44 79 4
44 80 4
44 81 1
44 82 34
44 83 16
44 84 91
44 85 32
44 86 58
44 87 28
44 88 59
44 89 87
44 90 81
44 91 19
44 92 45
44 93 67
44 94 14
44 95 27
44 96 86
44 97 2
44 98 22
44 99 78
45 46 88
45 47 87
45 48 24
45 49 40
45 50 16
45 51 84
45 52 5
45 53 60
45 54 68
45 55 95
45 56 81
45 57 62
45 58 98
45 59 60
45 60 91
45 61 86
45 62 96
45 63 64
45 64 38
45 65 39
45 66 16
45 67 5
45 68 14
45 69 61
45 70 90
45 71 19
45 72 4
45 73 3
45 74 4
45 75 10
45 76 3
45 77 18
45 78 42
45 79 86
45 80 57
45 81 21
45 82 66
45 83 87
45 84 53
45 85 15
45 86 45
45 87 74
45 88 42
45 89 67
45 90 8
45 91 29
45 92 79
45 93 44
45 94 62
45 95 27
45 96 24
45 97 50
45 98 66
45 99 16
46 47 36
46 48 65
46 49 16
46 50 7
46 51 9
46 52 93
46 53 74
46 54 54
46 55 27
46 56 53
46 57 33
46 58 2
46 59 20
46 60 4
46 61 54
46 62 55
46 63 35
46 64 59
46 65 34
46 66 43
46 67 81
46 68 58
46 69 72
46 70 70
46 71 92
46 72 32
46 73 94
46 74 92
46 75 99
46 76 39
46 77 36
46 78 49
46 79 6
46 80 63
46 81 35
46 82 55
46 83 22
46 84 37
46 85 50
46 86 16
46 87 55
46 88 54
46 89 94
46 90 59
46 91 82
46 92 34
46 93 54
46 94 48
46 95 41
46 96 85
46 97 33
46 98 90
46 99 69
47 48 42
47 49 51
47 50 85
47 51 47
47 52 23
47 53 53
47 54 4
47 55 94
47 56 68
47 57 73
47 58 92
47 59 59
47 60 52
47 61 86
47 62 43
47 63 49
47 64 64
47 65 78
47 66 54
47 67 84
47 68 77
47 69 89
47 70 66
47 71 11
47 72 95
47 73 66
47 74 96
47 75 92
47 76 91
47 77 18
47 78 100
47 79 17
47 80 99
47 81 18
47 82 33
47 83 99
47 84 58
47 85 45
47 86 53
47 87 9
47 88 53
47 89 24
47 90 23
47 91 28
47 92 42
47 93 9
47 94 54
47 95 34
47 96 78
47 97 82
47 98 64
47 99 37
48 49 5
48 50 61
48 51 1
48 52 56
48 53 83
48 54 69
48 55 81
48 56 5
48 57 73
48 58 57
48 59 90
48 60 25
48 61 83
48 62 25
48 63 72
48 64 27
48 65 59
48 66 58
48 67 62
48 68 80
48 69 73
48 70 75
48 71 69
48 72 30
48 73 72
48 74 86
48 75 38
48 76 67
48 77 38
48 78 9
48 79 100
48 80 21
48 81 66
48 82 31
48 83 38
48 84 27
48 85 44
48 86 40
48 87 20
48 88 73
48 89 18
48 90 99
48 91 100
48 92 92
48 93 6
48 94 79
48 95 95
48 96 63
48 97 20
48 98 3
48 99 97
49 50 62
49 51 92
49 52 86
49 53 42
49 54 3
49 55 81
49 56 2
49 57 14
49 58 76
49 59 90
49 60 12
49 61 32
49 62 1
49 63 1
49 64 12
49 65 55
49 66 1
49 67 39
49 68 85
49 69 85
49 70 4
49 71 58
49 72 17
49 73 92
49 74 7
49 75 90
49 76 10
49 77 59
49 78 45
49 79 47
49 80 39
49 81 51
49 82 31
49 83 25
49 84 47
49 85 44
49 86 90
49 87 21
49 88 47
49 89 79
49 90 64
49 91 5
49 92 66
49 93 97
49 94 64
49 95 54
49 96 9
49 97 67
49 98 33
49 99 94
50 51 71
50 52 28
50 53 53
50 54 40
50 55 61
50 56 65
50 57 66
50 58 59
50 59 77
50 60 77
50 61 5
50 62 7
50 63 63
50 64 17
50 65 50
50 66 44
50 67 75
50 68 68
50 69 98
50 70 77
50 71 94
50 72 41
50 73 87
50 74 70
50 75 37
50 76 70
50 77 5
50 78 27
50 79 2
50 80 47
50 81 43
50 82 47
50 83 17
50 84 9
50 85 21
50 86 92
50 87 69
50 88 59
50 89 31
50 90 75
50 91 58
50 92 54
50 93 51
50 94 93
50 95 1
50 96 70
50 97 31
50 98 81
50 99 29
51 52 91
51 53 84
51 54 20
51 55 26
51 56 73
51 57 88
51 58 75
51 59 48
51 60 47
51 61 6
51 62 61
51 63 95
51 64 54
51 65 82
51 66 45
51 67 79
51 68 13
51 69 71
51 70 30
51 71 14
51 72 34
51 73 27
51 74 34
51 75 83
51 76 48
51 77 15
51 78 42
51 79 60
51 80 5
51 81 53
51 82 51
51 83 62
51 84 37
51 85 25
51 86 22
51 87 100
51 88 35
51 89 34
51 90 52
51 91 6
51 92 91
51 93 87
51 94 97
51 95 68
51 96 53
51 97 89
51 98 75
51 99 65
52 53 34
52 54 66
52 55 17
52 56 82
52 57 7
52 58 95
52 59 61
52 60 67
52 61 44
52 62 16
52 63 93
52 64 24
52 65 31
52 66 56
52 67 93
52 68 29
52 69 54
52 70 12
52 71 19
52 72 35
52 73 34
52 74 40
52 75 57
52 76 36
52 77 98
52 78 53
52 79 63
52 80 79
52 81 37
52 82 61
52 83 62
52 84 83
52 85 82
52 86 79
52 87 12
52 88 20
52 89 69
52 90 43
52 91 10
52 92 67
52 93 95
52 94 89
52 95 1
52 96 79
52 97 45
52 98 63
52 99 60
53 54 58
53 55 72
53 56 75
53 57 17
53 58 35
53 59 22
53 60 22
53 61 40
53 62 78
53 63 21
53 64 6
53 65 50
53 66 68
53 67 41
53 68 96
53 69 2
53 70 24
53 71 44
53 72 81
53 73 18
53 74 75
53 75 35
53 76 22
53 77 81
53 78 42
53 79 19
53 80 87
53 81 68
53 82 85
53 83 66
53 84 60
53 85 13
53 86 58
53 87 98
53 88 61
53 89 83
53 90 65
53 91 34
53 92 83
53 93 94
53 94 84
53 95 42
53 96 25
53 97 0
53 98 93
53 99 83
54 55 24
54 56 77
54 57 0
54 58 25
54 59 40
54 60 88
54 61 87
54 62 50
54 63 23
54 64 63
54 65 52
54 66 79
54 67 50
54 68 72
54 69 16
54 70 94
54 71 37
54 72 85
54 73 6
54 74 12
54 75 32
54 76 64
54 77 99
54 78 18
54 79 27
54 80 28
54 81 74
54 82 59
54 83 22
54 84 82
54 85 37
54 86 31
54 87 24
54 88 81
54 89 77
54 90 72
54 91 36
54 92 91
54 93 26
54 94 62
54 95 33
54 96 47
54 97 28
54 98 79
54 99 4
55 56 18
55 57 5
55 58 32
55 59 21
55 60 83
55 61 13
55 62 80
55 63 52
55 64 0
55 65 12
55 66 31
55 67 17
55 68 11
55 69 33
55 70 93
55 71 44
55 72 0
55 73 43
55 74 42
55 75 90
55 76 19
55 77 38
55 78 5
55 79 94
55 80 85
55 81 85
55 82 14
55 83 40
55 84 88
55 85 46
55 86 77
55 87 87
55 88 39
55 89 80
55 90 8
55 91 68
55 92 56
55 93 100
55 94 79
55 95 94
55 96 11
55 97 59
55 98 63
55 99 2
56 57 77
56 58 23
56 59 47
56 60 20
56 61 32
56 62 25
56 63 8
56 64 49
56 65 82
56 66 50
56 67 89
56 68 74
56 69 22
56 70 98
56 71 70
56 72 45
56 73 7
56 74 33
56 75 79
56 76 61
56 77 15
56 78 85
56 79 70
56 80 90
56 81 10
56 82 90
56 83 20
56 84 49
56 85 60
56 86 72
56 87 72
56 88 33
56 89 89
56 90 56
56 91 75
56 92 87
56 93 83
56 94 52
56 95 16
56 96 57
56 97 42
56 98 89
56 99 18
57 58 89
57 59 39
57 60 9
57 61 79
57 62 31
57 63 57
57 64 8
57 65 30
57 66 86
57 67 66
57 68 62
57 69 48
57 70 39
57 71 27
57 72 51
57 73 86
57 74 76
57 75 81
57 76 14
57 77 38
57 78 12
57 79 16
57 80 97
57 81 72
57 82 22
57 83 98
57 84 36
57 85 82
57 86 14
57 87 32
57 88 13
57 89 57
57 90 6
57 91 46
57 92 49
57 93 100
57 94 80
57 95 64
57 96 20
57 97 41
57 98 0
57 99 94
58 59 17
58 60 99
58 61 50
58 62 46
58 63 24
58 64 72
58 65 94
58 66 47
58 67 2
58 68 77
58 69 95
58 70 57
58 71 98
58 72 100
58 73 90
58 74 13
58 75 90
58 76 52
58 77 74
58 78 8
58 79 53
58 80 78
58 81 96
58 82 44
58 83 45
58 84 40
58 85 11
58 86 29
58 87 26
58 88 79
58 89 66
58 90 98
58 91 1
58 92 44
58 93 2
58 94 22
58 95 35
58 96 20
58 97 19
58 98 29
58 99 49
59 60 16
59 61 71
59 62 92
59 63 22
59 64 83
59 65 49
59 66 3
59 67 10
59 68 45
59 69 54
59 70 87
59 71 87
59 72 26
59 73 66
59 74 92
59 75 22
59 76 63
59 77 94
59 78 7
59 79 29
59 80 49
59 81 61
59 82 83
59 83 0
59 84 1
59 85 83
59 86 78
59 87 1
59 88 65
59 89 0
59 90 27
59 91 96
59 92 48
59 93 98
59 94 1
59 95 92
59 96 42
59 97 15
59 98 57
59 99 75
60 61 1
60 62 79
60 63 99
60 64 50
60 65 5
60 66 84
60 67 45
60 68 51
60 69 4
60 70 66
60 71 40
60 72 83
60 73 26
60 74 9
60 75 41
60 76 80
60 77 38
60 78 91
60 79 48
60 80 61
60 81 97
60 82 60
60 83 42
60 84 53
60 85 77
60 86 43
60 87 95
60 88 0
60 89 68
60 90 96
60 91 21
60 92 78
60 93 23
60 94 53
60 95 93
60 96 35
60 97 92
60 98 67
60 99 23
61 62 77
61 63 34
61 64 65
61 65 30
61 66 58
61 67 39
61 68 59
61 69 26
61 70 20
61 71 62
61 72 81
61 73 60
61 74 18
61 75 78
61 76 36
61 77 53
61 78 22
61 79 50
61 80 11
61 81 8
61 82 91
61 83 48
61 84 37
61 85 32
61 86 13
61 87 26
61 88 8
61 89 57
61 90 39
61 91 50
61 92 34
61 93 22
61 94 77
61 95 66
61 96 33
61 97 19
61 98 20
61 99 56
62 63 37
62 64 5
62 65 5
62 66 7
62 67 11
62 68 46
62 69 7
62 70 32
62 71 17
62 72 68
62 73 47
62 74 72
62 75 9
62 76 46
62 77 84
62 78 20
62 79 50
62 80 38
62 81 92
62 82 27
62 83 12
62 84 59
62 85 91
62 86 39
62 87 34
62 88 5
62 89 64
62 90 16
62 91 6
62 92 56
62 93 25
62 94 69
62 95 56
62 96 54
62 97 35
62 98 63
62 99 49
63 64 90
63 65 18
63 66 68
63 67 94
63 68 59
63 69 41
63 70 56
63 71 18
63 72 5
63 73 8
63 74 39
63 75 12
63 76 25
63 77 77
63 78 52
63 79 14
63 80 18
63 81 53
63 82 85
63 83 79
63 84 24
63 85 21
63 86 14
63 87 35
63 88 16
63 89 95
63 90 92
63 91 20
63 92 10
63 93 9
63 94 68
63 95 11
63 96 23
63 97 61
63 98 82
63 99 38
64 65 83
64 66 35
64 67 18
64 68 26
64 69 43
64 70 92
64 71 6
64 72 29
64 73 76
64 74 3
64 75 55
64 76 6
64 77 96
64 78 75
64 79 5
64 80 0
64 81 37
64 82 63
64 83 74
64 84 89
64 85 86
64 86 95
64 87 84
64 88 53
64 89 51
64 90 58
64 91 65
64 92 47
64 93 45
64 94 83
64 95 6
64 96 18
64 97 1
64 98 69
64 99 85
65 66 23
65 67 52
65 68 53
65 69 100
65 70 64
65 71 70
65 72 70
65 73 62
65 74 15
65 75 77
65 76 95
65 77 86
65 78 15
65 79 18
65 80 87
65 81 4
65 82 15
65 83 53
65 84 76
65 85 58
65 86 69
65 87 41
65 88 0
65 89 69
65 90 54
65 91 33
65 92 23
65 93 16
65 94 81
65 95 83
65 96 30
65 97 92
65 98 94
65 99 7
66 67 70
66 68 85
66 69 23
66 70 19
66 71 94
66 72 53
66 73 71
66 74 71
66 75 64
66 76 28
66 77 48
66 78 74
66 79 73
66 80 25
66 81 28
66 82 10
66 83 33
66 84 87
66 85 35
66 86 35
66 87 52
66 88 36
66 89 83
66 90 95
66 91 10
66 92 37
66 93 77
66 94 92
66 95 96
66 96 30
66 97 63
66 98 58
66 99 51
67 68 37
67 69 56
67 70 45
67 71 12
67 72 50
67 73 19
67 74 35
67 75 53
67 76 69
67 77 24
67 78 57
67 79 40
67 80 44
67 81 99
67 82 49
67 83 38
67 84 17
67 85 33
67 86 15
67 87 25
67 88 2
67 89 28
67 90 74
67 91 100
67 92 96
67 93 15
67 94 93
67 95 18
67 96 91
67 97 80
67 98 31
67 99 60
68 69 36
68 70 10
68 71 30
68 72 90
68 73 99
68 74 84
68 75 70
68 76 69
68 77 98
68 78 22
68 79 64
68 80 51
68 81 83
68 82 36
68 83 47
68 84 45
68 85 50
68 86 7
68 87 57
68 88 94
68 89 30
68 90 1
68 91 80
68 92 81
68 93 62
68 94 18
68 95 2
68 96 45
68 97 2
68 98 76
68 99 44
69 70 48
69 71 49
69 72 96
69 73 62
69 74 8
69 75 11
69 76 18
69 77 0
69 78 4
69 79 46
69 80 40
69 81 29
69 82 31
69 83 99
69 84 95
69 85 44
69 86 66
69 87 74
69 88 55
69 89 17
69 90 63
69 91 84
69 92 23
69 93 79
69 94 73
69 95 41
69 96 23
69 97 8
69 98 85
69 99 100
70 71 3
70 72 6
70 73 11
70 74 87
70 75 26
70 76 43
70 77 99
70 78 99
70 79 0
70 80 77
70 81 68
70 82 36
70 83 83
70 84 83
70 85 9
70 86 5
70 87 91
70 88 3
70 89 51
70 90 59
70 91 82
70 92 35
70 93 30
70 94 22
70 95 75
70 96 2
70 97 20
70 98 40
70 99 93
71 72 76
71 73 3
71 74 48
71 75 66
71 76 10
71 77 61
71 78 12
71 79 33
71 80 12
71 81 68
71 82 29
71 83 19
71 84 33
71 85 43
71 86 46
71 87 96
71 88 0
71 89 49
71 90 50
71 91 64
71 92 4
71 93 48
71 94 22
71 95 96
71 96 19
71 97 97
71 98 82
71 99 32
72 73 53
72 74 26
72 75 99
72 76 39
72 77 72
72 78 60
72 79 31
72 80 17
72 81 75
72 82 28
72 83 70
72 84 98
72 85 10
72 86 32
72 87 75
72 88 99
72 89 3
72 90 24
72 91 89
72 92 0
72 93 69
72 94 69
72 95 81
72 96 22
72 97 56
72 98 46
72 99 30
73 74 15
73 75 100
73 76 86
73 77 99
73 78 14
73 79 61
73 80 16
73 81 35
73 82 46
73 83 24
73 84 49
73 85 78
73 86 8
73 87 73
73 88 9
73 89 64
73 90 18
73 91 12
73 92 78
73 93 93
73 94 6
73 95 75
73 96 95
73 97 3
73 98 22
73 99 48
74 75 75
74 76 50
74 77 59
74 78 52
74 79 100
74 80 83
74 81 99
74 82 48
74 83 63
74 84 7
74 85 14
74 86 51
74 87 31
74 88 35
74 89 83
74 90 50
74 91 40
74 92 26
74 93 95
74 94 30
74 95 48
74 96 51
74 97 30
74 98 76
74 99 82
75 76 89
75 77 6
75 78 17
75 79 91
75 80 27
75 81 2
75 82 84
75 83 69
75 84 34
75 85 72
75 86 92
75 87 19
75 88 5
75 89 10
75 90 29
75 91 22
75 92 42
75 93 55
75 94 44
75 95 68
75 96 21
75 97 16
75 98 9
75 99 71
76 77 96
76 78 23
76 79 97
76 80 32
76 81 33
76 82 50
76 83 39
76 84 42
76 85 19
76 86 20
76 87 52
76 88 11
76 89 47
76 90 53
76 91 27
76 92 36
76 93 83
76 94 69
76 95 91
76 96 10
76 97 12
76 98 63
76 99 8
77 78 44
77 79 15
77 80 19
77 81 46
77 82 86
77 83 15
77 84 61
77 85 27
77 86 54
77 87 65
77 88 55
77 89 28
77 90 10
77 91 68
77 92 97
77 93 98
77 94 46
77 95 48
77 96 80
77 97 23
77 98 32
77 99 19
78 79 52
78 80 6
78 81 51
78 82 13
78 83 34
78 84 59
78 85 27
78 86 44
78 87 33
78 88 98
78 89 26
78 90 9
78 91 33
78 92 54
78 93 65
78 94 66
78 95 47
78 96 33
78 97 26
78 98 89
78 99 66
79 80 81
79 81 85
79 82 79
79 83 42
79 84 26
79 85 35
79 86 50
79 87 23
79 88 83
79 89 47
79 90 4
79 91 88
79 92 59
79 93 1
79 94 95
79 95 26
79 96 69
79 97 31
79 98 96
79 99 30
80 81 36
80 82 66
80 83 100
80 84 11
80 85 91
80 86 77
80 87 56
80 88 47
80 89 2
80 90 64
80 91 15
80 92 8
80 93 76
80 94 26
80 95 65
80 96 49
80 97 32
80 98 36
80 99 67
81 82 34
81 83 45
81 84 74
81 85 93
81 86 32
81 87 36
81 88 32
81 89 45
81 90 23
81 91 72
81 92 86
81 93 30
81 94 45
81 95 100
81 96 9
81 97 36
81 98 52
81 99 31
82 83 84
82 84 40
82 85 3
82 86 41
82 87 31
82 88 88
82 89 3
82 90 29
82 91 6
82 92 89
82 93 48
82 94 12
82 95 28
82 96 35
82 97 9
82 98 5
82 99 88
83 84 62
83 85 50
83 86 100
83 87 29
83 88 87
83 89 90
83 90 98
83 91 98
83 92 94
83 93 22
83 94 24
83 95 7
83 96 53
83 97 71
83 98 75
83 99 69
84 85 68
84 86 56
84 87 16
84 88 20
84 89 2
84 90 56
84 91 85
84 92 79
84 93 11
84 94 40
84 95 20
84 96 91
84 97 66
84 98 45
84 99 100
85 86 2
85 87 72
85 88 91
85 89 43
85 90 68
85 91 52
85 92 35
85 93 82
85 94 40
85 95 28
85 96 90
85 97 22
85 98 28
85 99 60
86 87 43
86 88 63
86 89 81
86 90 99
86 91 1
86 92 49
86 93 20
86 94 64
86 95 71
86 96 37
86 97 38
86 98 75
86 99 47
87 88 36
87 89 13
87 90 30
87 91 9
87 92 48
87 93 92
87 94 40
87 95 21
87 96 14
87 97 31
87 98 25
87 99 5
88 89 61
88 90 87
88 91 59
88 92 93
88 93 78
88 94 88
88 95 18
88 96 93
88 97 43
88 98 60
88 99 45
89 90 85
89 91 61
89 92 61
89 93 36
89 94 14
89 95 59
89 96 84
89 97 59
89 98 33
89 99 49
90 91 11
90 92 34
90 93 45
90 94 24
90 95 20
90 96 27
90 97 100
90 98 23
90 99 63
91 92 65
91 93 69
91 94 71
91 95 13
91 96 30
91 97 96
91 98 63
91 99 21
92 93 79
92 94 35
92 95 95
92 96 97
92 97 40
92 98 93
92 99 2
93 94 66
93 95 78
93 96 91
93 97 78
93 98 13
93 99 46
94 95 100
94 96 77
94 97 12
94 98 97
94 99 35
95 96 29
95 97 26
95 98 26
95 99 55
96 97 46
96 98 39
96 99 51
97 98 8
97 99 66
98 99 7